0.14007954922723798
0.7314280555990297
0.7953338786239531
0.9721538326330719
0.4974643995822945
0.9246715791106909
0.9355463692462322
0.05386335456592872
0.7383357027781007
0.8124837220147494
0.36858300567240343
0.38711596047705776
0.5232208688979261
0.13315805740269626
0.21740753920060718
0.36616685532442783
0.12476181689153865
0.8675232211413745
0.2195694584161222
0.6897160712522384
0.02631066102872559
0.8971853289560878
0.3680710705698791
0.8425939851382677
0.24268202870325983
0.4498337041913114
0.8359624037341737
0.35424110952457066
0.6106166293220063
0.8979229058994491
0.062145403482620765
0.6276216392777272
0.9060819143002657
0.8735296793999078
0.3412371015463742
0.9980876042418197
0.10615238228279877
0.49604116211356863
0.41942201146159463
0.6892363397570217
0.9472758782892239
0.39070660097531906
0.1746886771942786
0.696589566184519
0.5093520590336778
0.9097833327655797
0.5281029588379843
0.7075533073622283
0.8358840823622559
0.41616018225230356
0.41290677760548355
0.4507353649743091
0.6946835188444493
0.2962714695338534
0.6309499924615517
0.4510920790915154
0.0741228397642234
0.983569960390906
0.47787106775484134
0.9729322127220357
0.7028700271257549
0.05173710710802748
0.483107344738949
0.9191586388795647
0.7719795455738812
0.40758264736925787
0.8937934927040336
0.4652531239598334
0.41075756352951487
0.8050711230418854
0.7499751419117265
0.19483736251744999
0.7737354886104872
0.6059819338065783
0.5614235631547807
0.5299398587505734
0.4037831850389785
0.1790065035808599
0.21929990902754093
0.16986094920768136
0.8418228035655694
0.07100312542906484
0.9879820341000296
0.9641365548387556
0.5712431759743575
0.143720496318837
0.05178931318467672
0.26773945861596127
0.02338737468564034
0.36646626344057176
0.2586875088311842
0.5104517742641731
0.3526896836477157
0.6170427971548559
0.25512448263201126
0.14690658048411698
0.5069076020038541
0.7844276888671738
0.32123784776268716
0.4511208810184004
