0.3165282065499122
0.5332685855447303
0.3810272998844477
0.2498221879095559
0.5408399682531428
0.6548044858924995
0.14924822698668194
0.02735308640466061
0.867949475256659
0.7992755711881393
0.48033383927167017
0.6141533109577654
0.22991274246268534
0.32961350098837383
0.023444471027694314
0.6154828192618819
0.10214160481769796
0.6977507503050555
0.41626167920866075
0.10540164745193459
0.7999343402173896
0.27211253616503617
0.14511276282512076
0.5156634602022282
0.08033996311442926
0.8871706644628397
0.14352114586841014
0.2596572793974461
0.42609655151193815
0.07702989086168666
0.10332724784134428
0.04275871428746292
0.3540991556058839
0.3994969770246697
0.08563378058511384
0.5293573151045504
0.1576289390404506
0.9823810977805522
0.2388082107684536
0.8216264686832164
0.1597245828156415
0.6704759173712328
0.6143093792687452
0.13872774783733588
0.6254024908245953
0.9545612604921957
0.3522180367390295
0.8777131475487405
0.7864742993521584
0.759030608317901
0.39023123923903724
0.22548104736253083
0.8602393461928491
0.8164391755409559
0.5024359712426197
0.4182695802532166
0.0945109384805447
0.1351412447732151
0.8045050052245721
0.6576979331355924
0.6318112319148831
0.7766162739089968
0.6268765570739242
0.35904313551086753
0.2208730900586885
0.038251595796562676
0.7871483616963486
0.15039832130649844
0.6249073515923022
0.3416110297844933
0.6512968551711313
0.7214414382307929
0.041386264640346226
0.6460629527716009
0.6193976202507431
0.4446124587488588
0.8369203698269791
0.5476343579493018
0.9007171310454948
0.8506291187296918
0.7024119524722618
0.44748493895776875
0.08998125290652559
0.6428280677117072
0.31032516072085603
0.24539791511955777
0.8889611198429314
0.46582364107626173
0.37823849762501704
0.4172113892028849
0.4845051012789343
0.25917491180642027
0.6173883505569756
0.6480825275370563
0.28566062287201
0.7486550697637608
0.31228537749458274
0.7324152336411485
0.7627046555395354
0.5248129174902768
